0 0.095569 0.155754 0.095238 0.074405
0 0.193452 0.154142 0.081349 0.077629
0 0.289187 0.154142 0.077050 0.069196
0 0.383433 0.151042 0.075728 0.073413
0 0.099702 0.227555 0.073082 0.065228
0 0.193452 0.230655 0.081349 0.062996
0 0.288360 0.230655 0.083995 0.062996
0 0.385582 0.231647 0.082672 0.062996
0 0.101190 0.303447 0.081349 0.064236
0 0.197421 0.302951 0.081349 0.058780
0 0.295966 0.302951 0.082672 0.063244
0 0.389054 0.302455 0.075728 0.064236
0 0.106647 0.376736 0.086971 0.062004
0 0.104497 0.443948 0.082672 0.062004
0 0.195437 0.374256 0.080026 0.062996
0 0.294643 0.380456 0.087963 0.062996
0 0.389054 0.376240 0.081019 0.062996
0 0.194114 0.446553 0.080026 0.067212
0 0.291997 0.448661 0.082672 0.061012
0 0.387566 0.447669 0.083995 0.062996
0 0.621858 0.160342 0.094907 0.077629
0 0.714947 0.181548 0.085317 0.065972
0 0.808036 0.201141 0.089616 0.072421
0 0.907077 0.217634 0.097884 0.068204
0 0.596396 0.233755 0.085648 0.067212
0 0.687335 0.254836 0.088294 0.066220
0 0.781746 0.271949 0.083995 0.069196
0 0.878142 0.292659 0.094907 0.077381
0 0.565311 0.306052 0.089616 0.071429
0 0.663194 0.324653 0.086971 0.071429
0 0.758929 0.342634 0.082672 0.068204
0 0.855489 0.362351 0.096561 0.072421
0 0.541336 0.376364 0.093915 0.067212
0 0.637070 0.393353 0.089616 0.065972
0 0.728671 0.413070 0.085648 0.070188
0 0.827216 0.434772 0.086971 0.062004
0 0.515212 0.448661 0.096561 0.062996
0 0.615079 0.465650 0.086640 0.066220
0 0.706680 0.484251 0.085317 0.066220
0 0.800430 0.506572 0.088294 0.071181
0 0.362269 0.547867 0.093585 0.077381
0 0.302910 0.602679 0.087963 0.073413
0 0.249835 0.656870 0.089616 0.076637
0 0.189319 0.709077 0.089616 0.075397
0 0.433862 0.598090 0.085317 0.068204
0 0.508929 0.639757 0.089286 0.069196
0 0.582672 0.686384 0.087963 0.065228
0 0.657738 0.729291 0.089286 0.068204
0 0.379464 0.651662 0.086971 0.066220
0 0.320767 0.704861 0.085317 0.062996
0 0.263558 0.758061 0.083995 0.068204
0 0.451885 0.694568 0.090939 0.065228
0 0.396660 0.749380 0.088294 0.067212
0 0.334656 0.802579 0.087963 0.063988
0 0.406911 0.843378 0.089616 0.071181
0 0.477183 0.885789 0.086640 0.073165
0 0.467593 0.791791 0.081349 0.067212
0 0.522652 0.738467 0.089616 0.066220
0 0.599206 0.781374 0.085317 0.067212
0 0.540675 0.836186 0.086640 0.067212
