0 0.127976 0.201141 0.068783 0.051587
0 0.197586 0.197545 0.059193 0.054812
0 0.269180 0.191344 0.062169 0.060764
0 0.347057 0.186136 0.069114 0.056796
0 0.125165 0.267733 0.063161 0.054812
0 0.199570 0.265253 0.060516 0.051835
0 0.269841 0.262649 0.066138 0.059028
0 0.347057 0.258557 0.069114 0.056796
0 0.127811 0.332341 0.057870 0.049603
0 0.196263 0.331349 0.056548 0.058036
0 0.264385 0.328745 0.071759 0.056796
0 0.339451 0.327257 0.067791 0.055804
0 0.125827 0.396453 0.061839 0.053819
0 0.191303 0.397569 0.063161 0.051587
0 0.263724 0.397941 0.061839 0.054812
0 0.342097 0.399058 0.073082 0.057044
0 0.121197 0.460441 0.057870 0.055804
0 0.192130 0.465278 0.067460 0.062996
0 0.261574 0.464658 0.066138 0.053819
0 0.337963 0.468254 0.067460 0.059028
0 0.564649 0.175347 0.088294 0.063988
0 0.659888 0.191344 0.090939 0.069196
0 0.761739 0.201637 0.090939 0.075397
0 0.873347 0.218750 0.101852 0.074405
0 0.536541 0.251860 0.092262 0.070188
0 0.628803 0.268353 0.086971 0.063988
0 0.726687 0.282242 0.094907 0.075397
0 0.836144 0.302951 0.096230 0.077629
0 0.507606 0.329241 0.081349 0.068204
0 0.598545 0.345858 0.081349 0.068204
0 0.692956 0.367063 0.088294 0.077381
0 0.798942 0.386161 0.096561 0.078373
0 0.480655 0.400546 0.077050 0.062004
0 0.566799 0.420263 0.081349 0.070188
0 0.660549 0.442956 0.094907 0.070437
0 0.762401 0.467758 0.094907 0.078373
0 0.450397 0.471354 0.080026 0.067212
0 0.535714 0.495784 0.080026 0.074405
0 0.630126 0.521949 0.092262 0.079613
0 0.734954 0.548487 0.106151 0.080605
0 0.309028 0.568576 0.075728 0.065228
0 0.371197 0.618180 0.078373 0.065228
0 0.429729 0.669767 0.079696 0.067212
0 0.497354 0.722470 0.082672 0.073413
0 0.563988 0.779266 0.092262 0.073413
0 0.265046 0.616071 0.078373 0.066964
0 0.318122 0.665675 0.068783 0.069444
0 0.380787 0.713666 0.086971 0.068204
0 0.438657 0.768477 0.078373 0.070188
0 0.515046 0.825273 0.104828 0.068204
0 0.214120 0.661582 0.073082 0.065228
0 0.270503 0.712178 0.078704 0.058780
0 0.324901 0.761781 0.074405 0.065228
0 0.387070 0.815600 0.077050 0.067212
0 0.448247 0.870288 0.086971 0.066964
0 0.168651 0.701885 0.070106 0.064980
0 0.222222 0.754960 0.067460 0.062004
0 0.276786 0.806300 0.071429 0.061012
0 0.330522 0.859499 0.069114 0.068204
0 0.394511 0.913194 0.086640 0.065972
