0 0.088128 0.223338 0.090939 0.067212
0 0.187169 0.221354 0.082672 0.065228
0 0.282903 0.220858 0.089616 0.068204
0 0.384259 0.217634 0.080026 0.066220
0 0.102513 0.298859 0.081349 0.062996
0 0.189153 0.298735 0.083995 0.067212
0 0.287698 0.297371 0.080026 0.062004
0 0.385582 0.293651 0.080026 0.066964
0 0.106481 0.373760 0.083995 0.062004
0 0.196098 0.374752 0.083995 0.062004
0 0.293320 0.372272 0.080026 0.062996
0 0.384259 0.369172 0.096561 0.069196
0 0.118882 0.440352 0.073082 0.058780
0 0.204365 0.444444 0.086640 0.061012
0 0.298776 0.443452 0.074405 0.062996
0 0.395833 0.443948 0.081349 0.062004
0 0.125165 0.509549 0.077050 0.056796
0 0.211971 0.513765 0.077381 0.058780
0 0.302249 0.515873 0.076058 0.064980
0 0.394676 0.515377 0.075728 0.060020
0 0.632110 0.225446 0.090939 0.079365
0 0.731316 0.246652 0.090939 0.072173
0 0.829200 0.268849 0.088294 0.073413
0 0.936839 0.291047 0.101852 0.072173
0 0.604663 0.306052 0.093585 0.066964
0 0.700397 0.328745 0.095238 0.067212
0 0.798942 0.348834 0.093915 0.068204
0 0.902943 0.366443 0.106151 0.068204
0 0.579861 0.377356 0.093585 0.063244
0 0.672123 0.400546 0.088294 0.062004
0 0.766534 0.419147 0.097884 0.062004
0 0.865079 0.439856 0.093915 0.068204
0 0.551753 0.449157 0.092262 0.062004
0 0.644015 0.468750 0.092262 0.062004
0 0.733631 0.489583 0.089616 0.062004
0 0.832011 0.509673 0.093915 0.062996
0 0.524140 0.517361 0.083995 0.065972
0 0.615741 0.538566 0.082672 0.065228
0 0.707341 0.556672 0.083995 0.068204
0 0.803737 0.576265 0.092262 0.068204
0 0.371032 0.612351 0.083995 0.062004
0 0.442130 0.654266 0.082672 0.061012
0 0.512401 0.695188 0.085648 0.060020
0 0.581349 0.736483 0.082672 0.059772
0 0.650794 0.777778 0.081349 0.062004
0 0.318783 0.658978 0.083995 0.063988
0 0.391865 0.700397 0.083995 0.062004
0 0.459325 0.740575 0.078704 0.063988
0 0.527612 0.779266 0.077050 0.061012
0 0.595734 0.819692 0.081019 0.059028
0 0.269841 0.703373 0.085317 0.062004
0 0.337467 0.746776 0.077050 0.058036
0 0.406250 0.784474 0.077050 0.059028
0 0.477183 0.823785 0.081349 0.054812
0 0.542824 0.863095 0.090939 0.050595
0 0.220238 0.748388 0.077381 0.056796
0 0.288525 0.789187 0.075728 0.062004
0 0.355324 0.828001 0.077050 0.056796
0 0.424272 0.865203 0.080026 0.054812
0 0.492394 0.904390 0.081349 0.054812
