0 0.189815 0.145337 0.082672 0.070437
0 0.280754 0.164062 0.082672 0.068204
0 0.371197 0.176339 0.086971 0.062004
0 0.464120 0.188740 0.088294 0.063988
0 0.172619 0.218750 0.081349 0.062004
0 0.260913 0.232763 0.076058 0.056796
0 0.353175 0.245660 0.081349 0.055804
0 0.445437 0.258433 0.083995 0.061012
0 0.152778 0.286954 0.087963 0.058036
0 0.244378 0.302455 0.072751 0.057788
0 0.334656 0.314236 0.082672 0.062996
0 0.429729 0.329861 0.085648 0.059028
0 0.136905 0.355655 0.076058 0.062996
0 0.225860 0.369048 0.080026 0.059028
0 0.315311 0.383061 0.077050 0.059772
0 0.406415 0.396949 0.082672 0.058780
0 0.118386 0.424355 0.082672 0.058036
0 0.207176 0.436880 0.078373 0.055804
0 0.296131 0.450769 0.074405 0.056796
0 0.390377 0.467262 0.073082 0.061012
0 0.690146 0.233259 0.082672 0.066220
0 0.773479 0.266369 0.086640 0.062004
0 0.857474 0.295759 0.083995 0.069196
0 0.944279 0.326761 0.086971 0.069196
0 0.646660 0.295759 0.089616 0.065228
0 0.732970 0.328869 0.090939 0.061012
0 0.816138 0.359871 0.083995 0.062996
0 0.904266 0.392361 0.092262 0.065972
0 0.602679 0.361359 0.086971 0.063988
0 0.688823 0.390873 0.085317 0.062996
0 0.772817 0.423363 0.082672 0.062004
0 0.859623 0.455853 0.085648 0.062996
0 0.562665 0.423363 0.086971 0.063988
0 0.646164 0.453249 0.082672 0.066220
0 0.729497 0.485863 0.083995 0.064980
0 0.814815 0.516369 0.089286 0.063988
0 0.517857 0.483755 0.085317 0.065228
0 0.602679 0.518353 0.078373 0.063988
0 0.685847 0.548859 0.082672 0.059028
0 0.772817 0.581473 0.087963 0.066220
0 0.337963 0.563368 0.081349 0.065228
0 0.394511 0.618056 0.083995 0.062996
0 0.452381 0.669891 0.083995 0.062996
0 0.511739 0.725570 0.086971 0.065228
0 0.573743 0.779886 0.086640 0.064236
0 0.265046 0.604291 0.086971 0.068204
0 0.325066 0.662078 0.085317 0.064236
0 0.384921 0.713170 0.083995 0.065228
0 0.442791 0.767485 0.086640 0.066220
0 0.505456 0.823785 0.088294 0.065228
0 0.194114 0.648686 0.087963 0.068204
0 0.255291 0.704365 0.083995 0.063988
0 0.311177 0.757192 0.085317 0.062004
0 0.370370 0.811384 0.085317 0.063244
0 0.431052 0.865079 0.088294 0.062996
0 0.126488 0.693576 0.088294 0.063244
0 0.183862 0.746280 0.083995 0.069444
0 0.241567 0.801091 0.086971 0.062996
0 0.302249 0.855903 0.086640 0.062996
0 0.361442 0.909598 0.083995 0.067212
