0 0.298115 0.304439 0.051257 0.041419
0 0.351852 0.301959 0.045635 0.033978
0 0.407738 0.300967 0.049603 0.042411
0 0.462798 0.302455 0.052579 0.039435
0 0.301587 0.348462 0.049603 0.036210
0 0.353175 0.347966 0.045635 0.039187
0 0.407077 0.346850 0.048280 0.039435
0 0.461310 0.345858 0.049603 0.034970
0 0.302249 0.390873 0.045635 0.036210
0 0.353175 0.392361 0.048280 0.037202
0 0.406911 0.391865 0.045304 0.036210
0 0.458664 0.391865 0.049603 0.040179
0 0.302910 0.435268 0.046958 0.038194
0 0.353175 0.435764 0.048280 0.035218
0 0.404762 0.437252 0.049603 0.038194
0 0.459987 0.434772 0.046958 0.039187
0 0.302910 0.477059 0.046958 0.039435
0 0.354001 0.477679 0.043981 0.038194
0 0.403439 0.476066 0.049603 0.041419
0 0.459325 0.478671 0.050926 0.038194
0 0.600694 0.298859 0.057870 0.046627
0 0.661872 0.311632 0.061839 0.043403
0 0.721065 0.324653 0.061839 0.040179
0 0.788029 0.332465 0.066138 0.043403
0 0.586806 0.345362 0.057870 0.042411
0 0.645337 0.358259 0.059193 0.041419
0 0.703208 0.368552 0.056548 0.041171
0 0.770668 0.378968 0.070437 0.047619
0 0.571594 0.392857 0.055225 0.044643
0 0.626157 0.405878 0.056548 0.043403
0 0.685351 0.415055 0.061839 0.043403
0 0.746693 0.426463 0.063492 0.043403
0 0.556382 0.436260 0.055225 0.042163
0 0.610946 0.450769 0.053902 0.042411
0 0.667328 0.459945 0.053571 0.044395
0 0.730159 0.474454 0.063492 0.046627
0 0.539352 0.479167 0.050926 0.045635
0 0.594246 0.491443 0.050926 0.043403
0 0.652943 0.506572 0.060516 0.046379
0 0.716270 0.518477 0.068783 0.045387
0 0.446925 0.544271 0.056548 0.041419
0 0.487434 0.571677 0.049603 0.046627
0 0.527612 0.601066 0.055225 0.045387
0 0.572917 0.631076 0.055225 0.043403
0 0.618552 0.663070 0.055225 0.043403
0 0.411706 0.573785 0.052249 0.044395
0 0.455853 0.603175 0.055225 0.045635
0 0.495205 0.633185 0.053902 0.047619
0 0.537202 0.664559 0.052579 0.042411
0 0.582011 0.695561 0.053571 0.044395
0 0.375992 0.604167 0.054894 0.041171
0 0.419312 0.636781 0.050926 0.042411
0 0.459987 0.664559 0.052249 0.042411
0 0.505456 0.696677 0.055225 0.042163
0 0.543981 0.725570 0.052249 0.042411
0 0.348380 0.635789 0.046627 0.044395
0 0.389054 0.667287 0.053902 0.043403
0 0.426918 0.697793 0.049603 0.042411
0 0.466766 0.725074 0.057870 0.041419
0 0.513062 0.757564 0.059193 0.044395
