0 0.277282 0.323661 0.057209 0.040675
0 0.335648 0.324405 0.049603 0.042163
0 0.394841 0.324281 0.051587 0.039435
0 0.454365 0.322173 0.053571 0.040675
0 0.281085 0.370040 0.047619 0.038690
0 0.336640 0.369668 0.055556 0.034970
0 0.394841 0.370412 0.049603 0.036458
0 0.454365 0.369668 0.047619 0.036458
0 0.282573 0.413690 0.046627 0.035714
0 0.336640 0.411830 0.049603 0.036458
0 0.393849 0.414062 0.049603 0.036458
0 0.454861 0.412574 0.044643 0.037946
0 0.280093 0.456473 0.049603 0.037946
0 0.337136 0.454613 0.052579 0.043155
0 0.394841 0.457961 0.051587 0.037946
0 0.455357 0.457217 0.049603 0.036458
0 0.280093 0.499380 0.047619 0.037946
0 0.339947 0.501240 0.044974 0.037202
0 0.396329 0.501612 0.050595 0.039435
0 0.455357 0.502728 0.049603 0.040179
0 0.600198 0.329489 0.049603 0.045387
0 0.657407 0.340774 0.051587 0.043155
0 0.714947 0.351687 0.051587 0.041667
0 0.776620 0.361235 0.058532 0.041419
0 0.586144 0.372148 0.052579 0.039931
0 0.642526 0.385293 0.056217 0.039931
0 0.699901 0.396577 0.052579 0.040675
0 0.758598 0.405010 0.053571 0.044643
0 0.567626 0.415923 0.054563 0.040179
0 0.624008 0.427579 0.056217 0.040179
0 0.684854 0.438864 0.057540 0.040923
0 0.743552 0.450521 0.054563 0.040923
0 0.552579 0.458209 0.053571 0.039931
0 0.610284 0.471354 0.052579 0.038442
0 0.668816 0.482391 0.056548 0.038690
0 0.726521 0.494668 0.053571 0.042907
0 0.538029 0.501984 0.053571 0.041667
0 0.595238 0.514013 0.053571 0.043899
0 0.653274 0.526414 0.054563 0.042411
0 0.712467 0.538442 0.056548 0.046131
0 0.438161 0.566592 0.060185 0.043899
0 0.484458 0.593874 0.053571 0.041419
0 0.528604 0.622644 0.054563 0.042411
0 0.573413 0.651166 0.054233 0.040923
0 0.622520 0.679563 0.059193 0.045139
0 0.400298 0.600074 0.054563 0.040923
0 0.446429 0.628596 0.051587 0.040923
0 0.492560 0.655506 0.052579 0.042163
0 0.538360 0.684648 0.054233 0.042411
0 0.587963 0.713914 0.062169 0.043899
0 0.365245 0.633309 0.052579 0.042907
0 0.411045 0.662822 0.056217 0.040923
0 0.456184 0.689112 0.055225 0.042411
0 0.500992 0.718006 0.055556 0.038690
0 0.547619 0.747024 0.061508 0.041667
0 0.325893 0.665799 0.061177 0.039435
0 0.375000 0.694940 0.052249 0.040675
0 0.418320 0.723338 0.051587 0.039435
0 0.466931 0.752604 0.057540 0.039435
0 0.512070 0.779142 0.056548 0.041419
