0 0.475198 0.286706 0.044974 0.034226
0 0.518519 0.285714 0.039683 0.030754
0 0.564153 0.283854 0.041667 0.031498
0 0.611276 0.282118 0.042659 0.033482
0 0.479167 0.323661 0.039021 0.030754
0 0.519841 0.323661 0.039021 0.027778
0 0.566138 0.322917 0.035714 0.032242
0 0.610450 0.320437 0.039021 0.034226
0 0.479663 0.359747 0.036045 0.028522
0 0.479663 0.393973 0.036045 0.028522
0 0.481978 0.428695 0.034722 0.030506
0 0.521329 0.359003 0.036045 0.030010
0 0.566634 0.358631 0.038690 0.027778
0 0.612434 0.356771 0.037037 0.028522
0 0.523313 0.394345 0.036045 0.027778
0 0.565642 0.393973 0.038690 0.030010
0 0.610946 0.393601 0.038029 0.029266
0 0.522817 0.429688 0.037037 0.028522
0 0.567130 0.428695 0.037698 0.030506
0 0.611938 0.430432 0.038029 0.028522
0 0.730489 0.281746 0.043651 0.035714
0 0.781581 0.290055 0.046627 0.037946
0 0.833168 0.297743 0.046627 0.035962
0 0.884755 0.306548 0.048611 0.038690
0 0.718915 0.319940 0.045635 0.032242
0 0.767526 0.329861 0.045635 0.035714
0 0.817130 0.338170 0.045635 0.033482
0 0.869709 0.346602 0.051587 0.034474
0 0.704696 0.357639 0.042989 0.034226
0 0.751488 0.366319 0.042659 0.031250
0 0.800595 0.376116 0.047619 0.031994
0 0.854167 0.385293 0.049603 0.034474
0 0.692130 0.393353 0.042989 0.032738
0 0.738757 0.403522 0.044974 0.032738
0 0.788856 0.413690 0.045966 0.032738
0 0.840774 0.423239 0.050595 0.032986
0 0.679894 0.430556 0.043651 0.031250
0 0.725198 0.439608 0.042989 0.031994
0 0.773313 0.450521 0.043981 0.031994
0 0.823743 0.460441 0.045635 0.032986
0 0.600694 0.481275 0.042659 0.034970
0 0.637070 0.505704 0.040013 0.032738
0 0.671131 0.528274 0.041997 0.034226
0 0.708003 0.553447 0.045635 0.033482
0 0.747024 0.577133 0.049603 0.035714
0 0.572421 0.508185 0.044974 0.036706
0 0.608962 0.531498 0.043981 0.033730
0 0.643353 0.554563 0.042659 0.032738
0 0.678902 0.578993 0.045635 0.030506
0 0.716435 0.602679 0.048611 0.037202
0 0.546627 0.532242 0.043651 0.035218
0 0.580192 0.557044 0.038690 0.032242
0 0.614749 0.580481 0.043651 0.033482
0 0.650794 0.604539 0.039683 0.031994
0 0.687831 0.628596 0.049603 0.031994
0 0.517526 0.558408 0.045635 0.036458
0 0.554894 0.581473 0.044974 0.034474
0 0.587467 0.604911 0.043981 0.035714
0 0.623512 0.629960 0.043981 0.032242
0 0.659888 0.653398 0.048611 0.033482
